19.231888841593435
12.809001974370206 -7.824028825751687 18.706246096690393 19.986282425776572 -5.765190354037258
18.876247806029266 18.636905077026473 -19.760096199331088 -14.839120394862245 -12.289182723576362
-17.902644243579054 -13.198203548228136 19.087387435973305 11.430453814854978 11.205633598499757
-19.43744604900067 -11.69751941220561 -11.514666119965481 19.97957908741196 18.301661903901824
-20.20407571890509 -20.012424364010013 17.44547753637725 18.420456882217856 -13.383448238670258
-8.16543162774912 -18.399710500829787 16.491720887662 -19.724857424794997 -9.078545358720785
-19.25386522182666 13.58146340125074 -16.80984982407612 -15.960417875851046 19.827622814570134
-18.84217556799558 -16.93745765508545 -13.376496523788076 19.567879110085585 7.009224558906977
-20.272952053801752 -15.700904315838036 12.35379813706574 17.74281875545722 -8.723926257566648
16.316351964711135 18.758257768922146 16.64858847005311 -12.223426808884579 18.697069083011005
8.632260442157667 -6.3970084289175135 -19.5976560602988 -16.097894089518352 -19.497770447024994
15.808991835698867 17.547707551130745 -17.935632956042948 12.28393832904083 -17.588728091269434
19.949045248395155 5.54995958837504 14.533717305210011 -3.5031935968896493 16.061963374817598
-19.019943373075396 18.277735578723647 18.752922967261092 -19.971690633530944 -17.60052523957929
-20.61349704328084 -13.862056585430073 4.052267170062441 -17.25259585425509 18.294722305982443
