21.0 8.48528137423857 8.48528137423857 3.321428571428572
20.00548160144575 8.325400140962325 8.657861543262992 -3.321428571428572
19.003545767648074 8.460013663761288 8.515564308299963 -3.321428571428572
18.008613026638923 24.98390455882733 8.355619130414915 8.0
17.0213548088026 24.740070266407773 8.725588360449855 8.0
16.06884464760338 39.59030546344158 9.225945063352732 0
15.068844666202095 23.006102247681316 9.336532690857357 15.568181818181817
14.257064600644602 36.70968595938815 10.590918837893033 0
13.257064645142213 36.5097176522875 10.866974384092602 0
12.25706469690055 20.744166122046355 11.143030231471892 26.666666666666664
11.784673322268471 32.96531793626011 12.587224520862556 19.999999999999996
11.337836786885354 31.034618353243875 11.016594623012788 19.999999999999996
11.046942165363797 29.55356135800183 9.750363070622987 19.999999999999996
10.926272340596093 28.43287999377632 8.730510752737473 19.999999999999996
11.02176725907146 27.6253858220322 7.914002195560124 19.999999999999996
11.423898876891247 27.100781089073255 7.274187230648293 19.999999999999996
12.27406436599752 25.30434810025457 6.7976971679346745 19.999999999999996
13.879984550596246 18.230112114733423 6.4778304411745795 26.96428571428571
25.85299363650046 13.570944398891182 6.468603817166912 12.774193548387096
24.374910444605458 12.471710662579406 6.400487728675471 11.416666666666666
23.085841893014535 11.684735556360682 6.409367712458032 9.787878787878789
21.927076711754214 11.095399971770286 6.483220232336241 9.787878787878789
20.84506955904059 10.5403877279135 6.660515785500241 3.060606060606061
19.831100307525915 10.41584016091285 6.697852602354433 3.060606060606061
18.82362997383775 10.274547792238844 6.763408724590199 3.060606060606061
17.822439661005625 10.109501692788655 6.857444776282303 3.0000000000000004
16.826556050777153 9.941946475766706 23.37356753205905 -8.0
15.84020433025358 10.391508788498268 23.059311276642553 -8.0
14.885703292170959 10.98241857773063 22.75419253692899 -22.204301075268813
14.206626777844209 13.11564087437192 25.23365198707646 -26.96428571428571
13.905106100039498 14.369767031356218 31.125070442786015 -19.999999999999996
13.624267292992997 12.808154129803006 33.97144900077952 -19.999999999999996
13.551747141338923 11.56550993987332 32.514641580183735 -19.999999999999996
13.734426832649156 10.583431296873735 31.45129031662044 -19.999999999999996
14.239769521810263 9.822738269884482 30.731460678803526 -19.999999999999996
15.224539600461352 9.260877664929037 20.458217679377277 -22.204301075268813
17.32588568677076 8.926825463021142 12.924324271586618 -3.060606060606061
16.850545432851927 8.452528552245434 13.91894401529823 -9.787878787878789
17.725224004710952 8.106604716129757 13.079966019355446 -9.787878787878789
19.02601113067905 7.825567209971571 12.393579153161864 -9.787878787878789
20.9702405414568 7.611898075565539 11.780339850117265 -3.060606060606061
21.0620433872888 7.313943575208921 12.092178481553368 -9.787878787878789
24.347132986248464 7.191174662165802 11.502815817905898 -3.060606060606061
23.603911389387676 6.9693780014054765 11.653989333281059 -9.787878787878789
22.34291099877224 6.9421800907625215 11.086074825626426 -3.060606060606061
21.278334868905894 6.8090848073982695 11.123519222768468 -3.060606060606061
20.221990921954596 6.690643162073196 11.127404414330405 -3.060606060606061
19.17631717824829 6.598705806534625 11.114083765678041 -9.787878787878789
18.085261283296916 6.741678474057018 10.560949502390407 -3.060606060606061
17.06738632044638 6.748838730945603 10.454600588622325 -3.060606060606061
16.0553036731634 6.783920995507949 10.338870946044965 -3.060606060606061
15.04920822226767 6.8472297418399855 10.19900368956789 -7.213114754098362
14.057514716465315 7.108011400277223 9.80885582783977 -10.0
