0.0 0.8111596 21.2244255 8.0337363 9.0226653 -5.0
0.0576625 1.8876488 20.1207293 8.1713518 8.8251538 -5.0
0.0864078 2.9680333 19.0319671 8.3647296 8.605786 -5.0
0.0862116 4.0514009 17.9562815 24.6720807 8.3660849 12.999999999999998
0.0577125 4.7939197 17.2241431 40.5315488 8.9878345 0
0.1034977 5.792871 16.2241431 24.0465346 9.0557661 12.999999999999998
0.1481094 6.5518036 15.5617054 37.9216661 9.9693796 0
0.2686708 7.5445094 14.5617054 37.7685138 10.1648742 0
0.3892322 8.5372153 13.5617054 21.8303874 10.3603687 20.0
0.5025228 9.1717627 13.191144 34.6062562 12.4347278 19.999999999999996
0.7214246 9.8326661 12.9496197 32.3008198 13.4232917 19.999999999999996
1.0430831 10.5113074 12.8445764 30.5235437 12.1102537 19.999999999999996
1.4633038 11.1988369 12.8949893 29.1623922 11.0379896 19.999999999999996
1.9766071 11.8862893 13.1366037 28.1457205 10.157859 19.999999999999996
2.5762995 12.5647002 13.6326322 27.4297416 9.4373783 20.0
3.2545609 13.2252231 14.4963403 23.9204431 8.8556415 20.0
4.0025468 13.8592447 15.9430408 15.6296732 8.4008764 15.489510489510486
4.8311275 14.4445704 27.9080123 13.3791301 8.0103506 11.646706586826346
5.7144104 14.9625643 26.1450159 12.5660228 7.6600788 11.646706586826346
6.624166 15.4380667 24.5622273 11.9296022 7.3724747 11.646706586826346
7.5562699 15.8689219 23.1330426 11.4024497 7.1510622 9.510489510489508
8.5131371 16.2281586 21.8790586 11.0989944 6.9732088 9.510489510489508
9.4817133 16.5451835 20.7053546 10.802739 6.8566208 9.510489510489508
10.459058 16.8190342 19.6027325 10.5105779 6.8083033 9.510489510489508
11.4422046 17.0488792 18.5632833 10.2201345 6.8377113 5.0
12.4381048 17.1581116 17.5620925 10.0754583 6.8801505 5.0
13.4342883 17.2409579 16.5751764 9.9110347 22.6742575 -12.999999999999998
14.408102 16.9756113 15.6051782 10.2985509 23.0193382 -12.999999999999998
15.3816429 16.8003198 14.7178009 10.9635025 23.5677732 -12.999999999999996
16.3494294 16.7160706 13.9043927 11.9992761 24.3888093 -20.0
17.2719681 16.624077 13.3465091 14.3479396 27.5748802 -19.999999999999996
18.1681154 16.6835559 12.9573744 12.6688167 33.1021061 -19.999999999999996
19.0261854 16.8937319 12.7497127 11.3295811 34.1795595 -19.999999999999996
19.8349889 17.2518641 12.7531521 10.2611717 33.0579319 -19.999999999999996
20.5839791 17.7532827 13.0233076 9.4184593 32.2550681 -19.999999999999996
21.2633891 18.3914489 13.6607904 8.773311 31.74133 -20.0
21.8643594 19.1580412 14.8534929 8.3109425 18.9145754 -12.999999999999996
22.398047 20.0382513 15.7244456 7.9118472 15.8698179 -19.999999999999996
22.8523396 20.9948791 18.7850349 7.7441792 12.6078303 -11.646706586826346
23.2250031 22.0104988 21.3449883 7.5699865 11.7125351 -9.510489510489508
23.538045 23.0499952 24.4128593 7.4356255 11.194337 -9.510489510489508
23.7991016 24.1166729 26.4805455 7.3777438 10.7027754 -5.0
24.0094794 25.1571848 25.2680886 7.2666005 10.6170678 -5.0
24.1914797 26.206379 24.0810962 7.1923312 10.4988049 -5.0
24.3449488 27.2633698 22.9172004 7.1571565 10.3515755 -5.0
24.4697574 28.3272649 21.7741643 7.163669 10.1783172 -5.0
24.5657999 29.3971662 20.6498636 7.2148914 9.9814458 -5.0
24.6329954 30.4721705 19.5422714 7.3143478 9.7629546 -5.0
24.671287 31.5513702 18.4494434 7.4661509 9.5244914 -5.0
24.6806426 32.6338544 17.3695039 7.6751098 9.2674186 -5.0
24.661054 33.7187092 16.3006334 7.9468626 8.9928596 -5.0
